acc_steps: 2
batch_size: 32
dropout: 0.02711996334863792
lr_fine: 2.1761562451456473e-05
lr_head: 0.0019858132074581504
wd_fine: 5.817583508635493e-05
wd_head: 4.5587566101605486e-06
